%YAML:1.0
---
model_type: POLYFISHEYE
camera_name: imx219
image_width: 1640
image_height: 1232
projection_parameters:
   k2: -2.2781277539751312e-02
   k3: 1.7023172400637343e-01
   k4: -1.1850748879830231e-01
   k5: 7.4811683293338274e-02
   k6: -5.1691144265736289e-02
   k7: 1.0625816404355492e-02
   p1: 0.
   p2: 0.
   A11: 3.3862787088531417e+02
   A12: 1.4820927155367816e-01
   A22: 3.3842291056038766e+02
   u0: 8.1614717918703127e+02
   v0: 6.2722697005426880e+02
   isFast: 0
   numDiff: 3000
   maxIncidentAngle: 120
