%YAML:1.0
---
model_type: POLYFISHEYE
camera_name: imx219
image_width: 1640
image_height: 1232
projection_parameters:
   k2: 4.7869705114893843e-02
   k3: -7.6647660211794311e-02
   k4: 3.0216615885903320e-01
   k5: -2.9175998826556299e-01
   k6: 1.0606517609484446e-01
   k7: -1.5917633881473374e-02
   p1: 0.
   p2: 0.
   A11: 3.3707566364900481e+02
   A12: 3.7412229394637508e-02
   A22: 3.3708902248484628e+02
   u0: 8.3431611237586048e+02
   v0: 6.2504544713713290e+02
   isFast: 0
   numDiff: 3000
   maxIncidentAngle: 120
