%YAML:1.0
---
model_type: POLYFISHEYE
camera_name: imx219
image_width: 820
image_height: 616
projection_parameters:
   k2: -5.4947818705957614e-02
   k3: 2.9663694420400105e-01
   k4: -3.4245712489787983e-01
   k5: 2.7269301977295562e-01
   k6: -1.3227967687445544e-01
   k7: 2.2048027995532102e-02
   p1: 0.
   p2: 0.
   A11: 1.6881060401466550e+02
   A12: 8.1817565851068752e-02
   A22: 1.6905397705890209e+02
   u0: 4.1698346147912793e+02
   v0: 3.1051349355370269e+02
   isFast: 0
   numDiff: 3000
   maxIncidentAngle: 120
