%YAML:1.0
---
model_type: POLYFISHEYE
camera_name: imx219-1
image_width: 820
image_height: 616
projection_parameters:
   k2: -1.1060402970761471e-01
   k3: 4.0850328937985664e-01
   k4: -4.7820832500248495e-01
   k5: 3.7755947820024355e-01
   k6: -1.8500858199687278e-01
   k7: 3.4579698453132864e-02
   p1: 0.
   p2: 0.
   A11: 1.7176191022403574e+02
   A12: 2.4463488259935767e-01
   A22: 1.7237261289940511e+02
   u0: 4.1764174246283028e+02
   v0: 3.0369270271518997e+02
   isFast: 0
   numDiff: 3000
   maxIncidentAngle: 120
