%YAML:1.0
---
model_type: POLYFISHEYE
camera_name: imx219
image_width: 820
image_height: 616
projection_parameters:
   k2: -3.1938119293734406e-02
   k3: 2.2688575150322482e-01
   k4: -2.3053826121154566e-01
   k5: 1.7375453732467558e-01
   k6: -8.9372039545509929e-02
   k7: 1.5214284921774646e-02
   p1: 0.
   p2: 0.
   A11: 1.6785787156291778e+02
   A12: -6.3349814796007445e-03
   A22: 1.6826842738219378e+02
   u0: 4.0967715199639633e+02
   v0: 3.1099737734315664e+02
   isFast: 0
   numDiff: 3000
   maxIncidentAngle: 120
